tensor([[250., 310., 230., 290., 270., 330., 220., 280., 230., 290., 250., 310.,
         230., 290., 270., 330.],
        [330., 406., 262., 338., 254., 330., 356., 432., 318., 394., 330., 406.,
         262., 338., 254., 330.],
        [250., 322., 294., 366., 298., 370., 312., 384., 286., 358., 250., 322.,
         294., 366., 298., 370.],
        [250., 318., 306., 374., 222., 290., 248., 316., 334., 402., 250., 318.,
         306., 374., 222., 290.],
        [290., 374., 298., 382., 366., 450., 344., 428., 382., 466., 290., 374.,
         298., 382., 366., 450.],
        [250., 310., 230., 290., 270., 330., 220., 280., 230., 290., 250., 310.,
         230., 290., 270., 330.],
        [330., 406., 262., 338., 254., 330., 356., 432., 318., 394., 330., 406.,
         262., 338., 254., 330.],
        [250., 322., 294., 366., 298., 370., 312., 384., 286., 358., 250., 322.,
         294., 366., 298., 370.],
        [250., 318., 306., 374., 222., 290., 248., 316., 334., 402., 250., 318.,
         306., 374., 222., 290.],
        [290., 374., 298., 382., 366., 450., 344., 428., 382., 466., 290., 374.,
         298., 382., 366., 450.],
        [250., 310., 230., 290., 270., 330., 220., 280., 230., 290., 250., 310.,
         230., 290., 270., 330.],
        [330., 406., 262., 338., 254., 330., 356., 432., 318., 394., 330., 406.,
         262., 338., 254., 330.],
        [250., 322., 294., 366., 298., 370., 312., 384., 286., 358., 250., 322.,
         294., 366., 298., 370.],
        [250., 318., 306., 374., 222., 290., 248., 316., 334., 402., 250., 318.,
         306., 374., 222., 290.],
        [290., 374., 298., 382., 366., 450., 344., 428., 382., 466., 290., 374.,
         298., 382., 366., 450.],
        [250., 310., 230., 290., 270., 330., 220., 280., 230., 290., 250., 310.,
         230., 290., 270., 330.]])
